ID: 1,
Price: 89999.000000,
Quantity: 1
ID: 2,
Price: 10499.000000,
Quantity: 1
ID: 1,
Price: 89999.000000,
Quantity: 1
ID: 2,
Price: 10499.000000,
Quantity: 1
